F_min = 1.360000e+02 N
F_max = 8.360000e+02 N
d = 1.000000e-03 m
C = 8.000000e+00
D = 8.000000e-03 m
