F_min = 1.360000e+02 N
F_max = 8.360000e+02 N
d = 1.000000e-03 m
C = 8.000000e+00
D = 8.000000e-03 m
S_ut = 1.753300e+09 Pa
S_us = 1.402640e+09 Pa
S_y = 1.314975e+09 Pa
S_ys = 7.889850e+08 Pa
S_s = 6.399545e+08 Pa
