F_min = 136 N
F_max = 836 N
d = 0.001 m
C = 8
D = 0.008 m
delta_cl = 0.00205 m
k = 1616.45 N/m
N_a = 11.9317
N_t = 13.9317
L_s = 0.0149317 m
L_f = 0.0374817 m
F_s = 36.451 N
K_s = 1.0625
K_w = 1.18402
L_f/D = 4.68522
delta_max/L_f = 0.546933
SF_buckling = Inf
m = 0.00181353 kg
f_n = 188.289 Hz
SF_surge = 55.652
S_ut = 1.7533e+09 Pa
S_us = 1.40264e+09 Pa
S_y = 1.31498e+09 Pa
S_ys = 7.88985e+08 Pa
tau_s = 7.88985e+08 Pa
SF_yield = 1
S_s = 6.39955e+08 Pa
cost = 11.1454 ₺
