F_min = 136 N
F_max = 836 N
d = 0.0005 m
C = 12
D = 0.006 m
delta_cl = 0.00205 m
k = 311.788 N/m
N_a = 9.16439
N_t = 11.1644
L_s = 0.0060822 m
L_f = 0.0286322 m
F_s = 7.03083 N
K_s = 1.04167
K_w = 1.11943
L_f/D = 4.77203
delta_max/L_f = 0.715977
SF_buckling = Inf
m = 0.000261171 kg
f_n = 82.6939 Hz
SF_surge = 24.4415
S_ut = 1.98932e+09 Pa
S_us = 1.59145e+09 Pa
S_y = 1.49199e+09 Pa
S_ys = 8.95192e+08 Pa
tau_s = 8.95192e+08 Pa
SF_yield = 1
S_s = 7.26101e+08 Pa
cost = 1.67466 ₺
